Synthetic data: [ 3.84920814  0.          0.          0.          0.          0.
  0.          0.          0.          0.          0.          0.
  0.          0.          0.         -0.24837513 -0.24306555 -0.21582897
 -0.19292589 -0.1734837  -0.15683921 -0.14247991 -0.13000624 -0.11910098
 -0.10951271 -0.10103745 -0.09350922 -0.08679212 -0.0807737  -0.07535974
 -0.07047282 -0.06604635 -0.06202414 -0.05835811 -0.0550077  -0.05193863
 -0.04911876 -0.04652237 -0.04412681 -0.0419116  -0.03985874 -0.03795358
 -0.03618157 -0.06031888 -0.05775791 -0.05523896 -0.0528813  -0.05067204
 -0.0485984  -0.04664861]
Real data 1: [ 0.         -0.00514657  0.05145449 ...  0.          0.
  0.        ]
Real data 2: [-9.63325158e+00  8.04604674e-01  0.00000000e+00  0.00000000e+00
  0.00000000e+00  0.00000000e+00  0.00000000e+00  0.00000000e+00
  0.00000000e+00  0.00000000e+00  0.00000000e+00  0.00000000e+00
  0.00000000e+00  0.00000000e+00  2.10259112e-01 -1.75044865e-01
  3.36158832e-01  0.00000000e+00  0.00000000e+00 -1.32116423e+00
  1.52686058e-01  9.21206428e-02  0.00000000e+00 -4.45409731e-01
  0.00000000e+00  0.00000000e+00  3.38579384e-01  0.00000000e+00
  0.00000000e+00  0.00000000e+00  0.00000000e+00  1.22544143e+00
  0.00000000e+00 -7.97131347e-01  0.00000000e+00  0.00000000e+00
 -2.03629902e-01  0.00000000e+00 -5.19096774e-01  0.00000000e+00
  0.00000000e+00  0.00000000e+00  0.00000000e+00  0.00000000e+00
  5.37149200e-01  4.79482720e-01  0.00000000e+00  0.00000000e+00
  0.00000000e+00  0.00000000e+00  0.00000000e+00  0.00000000e+00
  0.00000000e+00  1.56405794e+00  0.00000000e+00  0.00000000e+00
  0.00000000e+00  0.00000000e+00  0.00000000e+00  0.00000000e+00
  0.00000000e+00  0.00000000e+00  0.00000000e+00 -3.85746295e-01
  7.22753547e-01  0.00000000e+00  4.86710562e-01  0.00000000e+00
  0.00000000e+00  0.00000000e+00  0.00000000e+00  0.00000000e+00
 -1.04405152e+00  1.27931589e+00 -4.87176200e-01  0.00000000e+00
  0.00000000e+00  0.00000000e+00  0.00000000e+00  0.00000000e+00
  0.00000000e+00  0.00000000e+00  0.00000000e+00  0.00000000e+00
  0.00000000e+00 -2.02270801e+00  0.00000000e+00  0.00000000e+00
  9.66633457e-01  0.00000000e+00  1.55214325e-01  0.00000000e+00
  0.00000000e+00  0.00000000e+00  0.00000000e+00  0.00000000e+00
  0.00000000e+00  0.00000000e+00  0.00000000e+00  0.00000000e+00
  0.00000000e+00  0.00000000e+00  2.44025558e-01  0.00000000e+00
  0.00000000e+00  0.00000000e+00  0.00000000e+00  0.00000000e+00
  0.00000000e+00  7.26800017e-01 -1.97066728e-01  0.00000000e+00
  0.00000000e+00  0.00000000e+00  0.00000000e+00  0.00000000e+00
  2.45321035e-01  0.00000000e+00  0.00000000e+00  0.00000000e+00
  0.00000000e+00  0.00000000e+00  0.00000000e+00  0.00000000e+00
  0.00000000e+00  4.40236587e-01  0.00000000e+00  0.00000000e+00
  0.00000000e+00  3.49170976e-01  0.00000000e+00  1.00118875e-01
 -6.99534840e-01  0.00000000e+00  1.12212183e-01  0.00000000e+00
  0.00000000e+00  0.00000000e+00  0.00000000e+00  0.00000000e+00
  0.00000000e+00  0.00000000e+00  0.00000000e+00  0.00000000e+00
 -1.46754152e+00 -9.44009974e-01  0.00000000e+00  0.00000000e+00
  0.00000000e+00  1.43930526e+00  0.00000000e+00  0.00000000e+00
  0.00000000e+00  0.00000000e+00  5.79632836e-02  0.00000000e+00
  0.00000000e+00  0.00000000e+00  0.00000000e+00 -2.62956991e+00
  0.00000000e+00  0.00000000e+00  0.00000000e+00  0.00000000e+00
  0.00000000e+00  0.00000000e+00  0.00000000e+00  0.00000000e+00
  0.00000000e+00  0.00000000e+00  8.54255479e-02  0.00000000e+00
  0.00000000e+00  0.00000000e+00  7.63937826e-01  0.00000000e+00
  2.88146747e-01 -9.15314869e-01  0.00000000e+00  0.00000000e+00
  1.93175048e-01  0.00000000e+00  0.00000000e+00  0.00000000e+00
 -2.71727124e-01  0.00000000e+00  0.00000000e+00  0.00000000e+00
  0.00000000e+00  0.00000000e+00  0.00000000e+00  0.00000000e+00
 -4.99420345e-01  0.00000000e+00  0.00000000e+00  0.00000000e+00
  0.00000000e+00  0.00000000e+00  0.00000000e+00  3.43386053e-01
 -1.82455329e+00  0.00000000e+00  0.00000000e+00  0.00000000e+00
  0.00000000e+00  0.00000000e+00 -1.12965781e+00 -3.23356474e-01
  4.13120042e-02  0.00000000e+00  0.00000000e+00  3.93343618e-01
  0.00000000e+00 -5.96779329e-02  8.68658914e-01  0.00000000e+00
  0.00000000e+00  0.00000000e+00  0.00000000e+00  0.00000000e+00
  0.00000000e+00  0.00000000e+00 -5.76242766e-01  0.00000000e+00
  0.00000000e+00 -3.91796958e-01  0.00000000e+00  0.00000000e+00
  0.00000000e+00 -6.96982001e-01  0.00000000e+00  2.02502911e-01
  0.00000000e+00  0.00000000e+00  0.00000000e+00  0.00000000e+00
  0.00000000e+00 -1.81454757e+00  0.00000000e+00  0.00000000e+00
  0.00000000e+00  7.12535888e-01  0.00000000e+00  0.00000000e+00
 -9.39656152e-01 -1.42778340e+00  0.00000000e+00  0.00000000e+00
  0.00000000e+00 -1.34699221e+00  0.00000000e+00  0.00000000e+00
  0.00000000e+00  0.00000000e+00  0.00000000e+00  7.63044851e-01
  0.00000000e+00  0.00000000e+00  0.00000000e+00  0.00000000e+00
  0.00000000e+00  0.00000000e+00  0.00000000e+00  0.00000000e+00
  0.00000000e+00  0.00000000e+00 -1.74427294e-01  0.00000000e+00
  0.00000000e+00  0.00000000e+00  0.00000000e+00  0.00000000e+00
  5.96322087e-02 -2.44461752e-01  0.00000000e+00  0.00000000e+00
  0.00000000e+00  0.00000000e+00  0.00000000e+00  0.00000000e+00
  0.00000000e+00  0.00000000e+00  0.00000000e+00  0.00000000e+00
  0.00000000e+00  0.00000000e+00  0.00000000e+00  0.00000000e+00
  0.00000000e+00  0.00000000e+00 -3.73014527e-01 -3.41137162e-01
  0.00000000e+00  0.00000000e+00  0.00000000e+00  0.00000000e+00
  0.00000000e+00 -1.78040745e-01  0.00000000e+00  0.00000000e+00
 -7.31541175e-01 -3.81575939e-01  1.83213167e+00 -1.54355832e+00
  0.00000000e+00  0.00000000e+00  0.00000000e+00  0.00000000e+00
  0.00000000e+00  0.00000000e+00  0.00000000e+00  0.00000000e+00
  0.00000000e+00  0.00000000e+00 -1.37098671e+00  1.60973400e+00
  0.00000000e+00  6.29492448e-01  0.00000000e+00  0.00000000e+00
  0.00000000e+00 -1.22640981e+00 -2.43002824e-01  0.00000000e+00
  1.05721371e+00  0.00000000e+00  0.00000000e+00  0.00000000e+00
  5.40278199e-02 -1.07112748e-01  0.00000000e+00  0.00000000e+00
  2.61275479e-01  0.00000000e+00  0.00000000e+00  0.00000000e+00
  0.00000000e+00  0.00000000e+00  0.00000000e+00  0.00000000e+00
  0.00000000e+00  1.22546080e+00  0.00000000e+00  0.00000000e+00
  0.00000000e+00  0.00000000e+00  1.23204167e-01  0.00000000e+00
  1.78027401e-01 -7.69924064e-01  0.00000000e+00  0.00000000e+00
  0.00000000e+00  5.19392213e-01  0.00000000e+00  0.00000000e+00
  2.12953219e-01  0.00000000e+00  4.52127238e-02  0.00000000e+00
  0.00000000e+00  0.00000000e+00  0.00000000e+00  0.00000000e+00
  0.00000000e+00  2.34492229e-01  0.00000000e+00  0.00000000e+00
  0.00000000e+00  0.00000000e+00  0.00000000e+00 -5.52940182e-03
  0.00000000e+00  0.00000000e+00  0.00000000e+00  0.00000000e+00
  0.00000000e+00  0.00000000e+00  0.00000000e+00  0.00000000e+00
  0.00000000e+00  0.00000000e+00  0.00000000e+00  0.00000000e+00
  0.00000000e+00  0.00000000e+00  0.00000000e+00  0.00000000e+00
  0.00000000e+00  0.00000000e+00 -2.80858360e-01  3.58745627e-01
 -5.81766285e-01  0.00000000e+00  0.00000000e+00  0.00000000e+00
  0.00000000e+00  0.00000000e+00  0.00000000e+00  0.00000000e+00
  8.68073009e-01  1.32693789e-01  0.00000000e+00  0.00000000e+00
  0.00000000e+00  0.00000000e+00  0.00000000e+00 -7.15059574e-01
  5.77042808e-01  0.00000000e+00  0.00000000e+00  0.00000000e+00
  0.00000000e+00  0.00000000e+00  0.00000000e+00  0.00000000e+00
  1.65686011e-01  0.00000000e+00  0.00000000e+00  0.00000000e+00
 -9.82452430e-01 -1.14464308e+00 -3.38984708e-01  0.00000000e+00
  1.03182322e+00  0.00000000e+00  3.13027102e-01  0.00000000e+00
  0.00000000e+00  0.00000000e+00  0.00000000e+00  1.82342215e+00
  0.00000000e+00  3.80354702e-01 -3.75207968e-01 -1.80588063e-01
  0.00000000e+00  0.00000000e+00  0.00000000e+00  0.00000000e+00
  0.00000000e+00  1.91615551e-01  0.00000000e+00  0.00000000e+00
  0.00000000e+00  3.53117539e-01  0.00000000e+00 -1.51951112e-01
  1.01475291e+00  0.00000000e+00  0.00000000e+00 -5.50044955e-01
  0.00000000e+00  0.00000000e+00 -6.09669673e-01]
Real data 3: [ 4.22937795e+00 -8.05075432e+00  1.38061527e-01 -1.46414703e+00
  0.00000000e+00  0.00000000e+00 -1.30932794e-01  2.56921202e-01
  0.00000000e+00  1.80049079e-01  0.00000000e+00  0.00000000e+00
  0.00000000e+00  0.00000000e+00  0.00000000e+00  0.00000000e+00
  0.00000000e+00  3.04451334e-01  0.00000000e+00  0.00000000e+00
  0.00000000e+00  0.00000000e+00  0.00000000e+00  1.80680324e-01
 -1.84632923e-01 -1.21130027e-01  0.00000000e+00  5.41788498e-02
  0.00000000e+00  0.00000000e+00  0.00000000e+00  0.00000000e+00
  0.00000000e+00  0.00000000e+00  0.00000000e+00  0.00000000e+00
  0.00000000e+00  0.00000000e+00 -5.26671863e-01  0.00000000e+00
  8.03584938e-01  0.00000000e+00  0.00000000e+00  0.00000000e+00
  0.00000000e+00  0.00000000e+00  0.00000000e+00  0.00000000e+00
  0.00000000e+00  0.00000000e+00  5.55071082e-01  6.66815247e-01
  0.00000000e+00  0.00000000e+00  0.00000000e+00  0.00000000e+00
  0.00000000e+00  0.00000000e+00  0.00000000e+00  0.00000000e+00
  0.00000000e+00  0.00000000e+00 -5.57029314e-01  0.00000000e+00
 -3.73677862e-01  5.66842069e-01  0.00000000e+00  0.00000000e+00
  0.00000000e+00  0.00000000e+00  0.00000000e+00  3.38396090e-01
  3.60788562e-01  0.00000000e+00 -5.67325767e-01  0.00000000e+00
  0.00000000e+00  0.00000000e+00  0.00000000e+00  0.00000000e+00
 -2.39587635e+00 -1.34145244e+00  0.00000000e+00  3.03680104e+00
 -6.93213160e-01  0.00000000e+00  0.00000000e+00  0.00000000e+00
  0.00000000e+00  0.00000000e+00  0.00000000e+00  4.31188146e-01
  0.00000000e+00 -9.88522640e-01  0.00000000e+00  0.00000000e+00
  0.00000000e+00  7.48142611e-01  0.00000000e+00  7.16761110e-01
  2.75143101e-01  0.00000000e+00  0.00000000e+00  0.00000000e+00
  0.00000000e+00  0.00000000e+00  0.00000000e+00  6.52031142e-01
 -1.12133415e-01  0.00000000e+00  0.00000000e+00  0.00000000e+00
  0.00000000e+00  0.00000000e+00  1.92781192e+00  0.00000000e+00
 -7.83296931e-01  0.00000000e+00  0.00000000e+00  0.00000000e+00
  0.00000000e+00  0.00000000e+00  0.00000000e+00  0.00000000e+00
  0.00000000e+00  0.00000000e+00  0.00000000e+00  0.00000000e+00
  0.00000000e+00  6.25066023e-01  0.00000000e+00  0.00000000e+00
  0.00000000e+00  0.00000000e+00  0.00000000e+00  0.00000000e+00
  5.88091256e-01 -2.40369366e+00  0.00000000e+00 -2.60554993e-01
  0.00000000e+00 -4.88344399e-01  0.00000000e+00 -1.31861639e-01
  0.00000000e+00 -2.44313532e-01  0.00000000e+00  0.00000000e+00
  0.00000000e+00  0.00000000e+00  0.00000000e+00  0.00000000e+00
  0.00000000e+00 -3.88502266e-01 -4.61916461e-01  0.00000000e+00
  0.00000000e+00  0.00000000e+00  8.33315511e-01  0.00000000e+00
  0.00000000e+00  0.00000000e+00  0.00000000e+00  0.00000000e+00
  0.00000000e+00  0.00000000e+00  0.00000000e+00  0.00000000e+00
  0.00000000e+00  0.00000000e+00  0.00000000e+00  0.00000000e+00
  0.00000000e+00  0.00000000e+00 -5.35010552e-01  0.00000000e+00
  0.00000000e+00  0.00000000e+00  0.00000000e+00  0.00000000e+00
  0.00000000e+00  9.20494776e-01 -1.00469609e-01  0.00000000e+00
  0.00000000e+00  5.08269414e-01 -5.98095912e-01  2.56662686e-01
 -3.58522163e-01  0.00000000e+00  0.00000000e+00  0.00000000e+00
  0.00000000e+00  7.19528378e-01  0.00000000e+00  0.00000000e+00
 -2.71656941e+00  0.00000000e+00  0.00000000e+00  7.81197207e-01
  4.53499288e-01  0.00000000e+00  0.00000000e+00  0.00000000e+00
  0.00000000e+00  5.76039687e-01  0.00000000e+00  0.00000000e+00
  0.00000000e+00  0.00000000e+00 -9.04140067e-01  0.00000000e+00
  0.00000000e+00  0.00000000e+00  0.00000000e+00  0.00000000e+00
  0.00000000e+00  0.00000000e+00  0.00000000e+00 -6.34898884e-01
  0.00000000e+00  0.00000000e+00  0.00000000e+00  0.00000000e+00
  0.00000000e+00 -2.92930240e-01  0.00000000e+00  0.00000000e+00
  6.30994313e-01  0.00000000e+00  0.00000000e+00  0.00000000e+00
  0.00000000e+00 -6.34600527e-02  1.03191224e+00  0.00000000e+00
  0.00000000e+00  0.00000000e+00  0.00000000e+00 -2.51691937e-01
  0.00000000e+00  0.00000000e+00  0.00000000e+00  0.00000000e+00
  0.00000000e+00  1.15577008e-01  0.00000000e+00  5.08797936e-02
  0.00000000e+00  0.00000000e+00  2.48593191e-01  0.00000000e+00
  7.49444977e-01 -5.83927966e-01  1.17438280e+00  0.00000000e+00
  0.00000000e+00 -3.65777165e-01  3.36048387e-02  4.67690351e-01
  0.00000000e+00  0.00000000e+00  0.00000000e+00  0.00000000e+00
  0.00000000e+00  0.00000000e+00  0.00000000e+00  0.00000000e+00
 -7.85919660e-01  0.00000000e+00  0.00000000e+00  0.00000000e+00
  0.00000000e+00  0.00000000e+00 -2.25455905e-03  0.00000000e+00
  0.00000000e+00  0.00000000e+00  0.00000000e+00  0.00000000e+00
  0.00000000e+00 -2.75987101e-01  0.00000000e+00  0.00000000e+00
  0.00000000e+00  0.00000000e+00  0.00000000e+00 -1.16506301e+00
  0.00000000e+00  0.00000000e+00  0.00000000e+00  0.00000000e+00
  0.00000000e+00  0.00000000e+00  0.00000000e+00  0.00000000e+00
  0.00000000e+00  1.22571610e+00  0.00000000e+00  0.00000000e+00
  0.00000000e+00 -5.72979184e-01 -2.27791344e-01  0.00000000e+00
  0.00000000e+00  4.12552704e-01 -1.62495804e+00  0.00000000e+00
 -2.25731877e-01  0.00000000e+00  0.00000000e+00  0.00000000e+00
  0.00000000e+00  1.01124767e+00  0.00000000e+00]
Real data 4: [ 0.          0.          0.          0.          0.45471047  0.
  0.          0.         -0.02371982  0.          0.          0.
  0.          0.          0.          0.          0.          0.
  0.          0.          0.          0.          0.          0.
  0.          0.          0.          0.          0.          0.
  0.          0.          0.          0.          0.          0.
  0.          0.          0.          0.          0.          0.
  0.          0.          0.          0.          0.          0.
  0.          0.          0.          0.          0.          0.
  0.          0.          0.          0.          0.          0.
  0.          0.          0.          0.          0.          0.
  0.          0.          0.          0.          0.          0.
  0.          0.01715095  0.          0.          0.          0.
  0.          0.          0.          0.          0.          0.
  0.          0.          0.          0.          0.20033406  0.
  0.02114353  0.          0.          0.          0.          0.
  0.          0.          0.          0.          0.          0.
  0.          0.          0.          0.          0.          0.
  0.13221029  0.          0.          0.          0.          0.
  0.          0.          0.          0.          0.          0.
  0.          0.          0.          0.          0.          0.
  0.          0.          0.          0.          0.          0.
  0.          0.          0.          0.          0.          0.
  0.          0.          0.          0.          0.          0.
  0.          0.          0.          0.          0.         -0.14010111
  0.          0.         -0.27563236  0.         -0.10149316  0.
  0.          0.          0.          0.         -0.02621067  0.
  0.          0.         -0.00185008  0.          0.          0.
  0.          0.          0.          0.          0.          0.
  0.14809002  0.          0.          0.          0.          0.
  0.          0.          0.          0.          0.          0.
  0.          0.          0.          0.          0.          0.
  0.          0.          0.          0.          0.          0.
  0.          0.          0.          0.          0.          0.
  0.          0.          0.          0.          0.          0.
  0.          0.          0.          0.          0.          0.
  0.          0.          0.          0.          0.          0.
  0.          0.          0.          0.         -0.00263285  0.
  0.          0.          0.          0.          0.          0.
  0.          0.          0.          0.          0.          0.
  0.          0.          0.          0.          0.          0.
  0.          0.          0.          0.          0.          0.
  0.          0.          0.          0.          0.          0.
  0.          0.          0.          0.          0.          0.
  0.          0.          0.          0.          0.          0.
  0.          0.          0.          0.          0.          0.
  0.          0.          0.          0.          0.          0.
  0.          0.          0.          0.          0.          0.
  0.          0.          0.00971548  0.          0.          0.
  0.          0.          0.          0.          0.          0.
  0.          0.          0.          0.          0.          0.
  0.          0.          0.          0.          0.          0.
  0.          0.          0.          0.          0.          0.
  0.          0.          0.          0.          0.          0.
  0.          0.          0.          0.          0.          0.
  0.          0.          0.          0.          0.          0.
  0.          0.          0.          0.          0.          0.
  0.          0.          0.          0.          0.          0.
  0.          0.          0.          0.          0.          0.
  0.          0.          0.          0.          0.          0.
  0.          0.          0.          0.          0.          0.
  0.          0.          0.          0.          0.          0.
  0.          0.          0.          0.          0.          0.
  0.          0.          0.          0.          0.          0.
  0.          0.          0.          0.          0.          0.
  0.          0.          0.          0.          0.          0.
  0.04232003  0.          0.          0.          0.          0.
  0.          0.          0.          0.          0.          0.
  0.          0.          0.          0.          0.          0.
  0.          0.          0.          0.          0.          0.
  0.          0.          0.          0.          0.          0.
  0.          0.          0.          0.          0.          0.
  0.          0.          0.          0.          0.          0.
  0.          0.          0.          0.          0.          0.
  0.          0.          0.          0.          0.          0.
  0.         -0.04420849  0.          0.          0.          0.
  0.          0.          0.          0.          0.          0.
  0.          0.          0.          0.          0.          0.
  0.          0.          0.          0.          0.          0.
  0.          0.          0.          0.          0.          0.
  0.          0.        ]
