Synthetic data: [13.41224686  6.56352022  3.98131559  2.65395912  1.84939084  1.31047556
  0.92457344  0.63472904  0.40909513  0.2284859   0.08065964 -0.04255978
 -0.14684026 -0.23623396 -0.31371471 -0.381514   -0.44133896 -0.49451796
 -0.54209969 -0.58492338 -0.62366863 -0.65889142 -0.6910512  -0.72053062
 -0.74765137 -0.77268561 -0.79586517 -0.81738877 -0.83742775 -0.85613044
 -0.87362629 -0.89002846 -0.90543636 -0.91993765 -0.93361004 -0.94652283
 -0.95873744 -0.97030899 -0.98128702 -0.99171604 -1.00163614 -1.01108381
 -1.02009193 -1.0286905  -1.03690687 -1.04476589 -1.05229035 -1.05950127
 -1.06641785 -1.07305763]
Real data 1: [-0.00896811 -0.06996559  0.66323309 ... -0.05773867  0.09806958
  0.09451707]
Real data 2: [-2.51279699e+00  1.35005433e+00 -6.60455596e-01 -7.91551125e-01
 -9.04041371e-01 -5.55429266e-01 -1.63360716e-01  1.34003132e-01
 -4.65295021e-01  2.31366738e-01  4.58093499e-01  1.31868404e-02
  1.01811032e-01 -2.48221118e-01 -3.46225425e-01 -4.12619542e-01
  8.12417778e-01 -2.16573602e-01  6.64380736e-01 -6.10491175e-01
  1.05866255e+00 -4.93711586e-01  2.76862202e-01 -1.04095576e-01
  2.41970862e-01 -5.60507786e-02  1.08723491e+00 -2.19641366e-02
 -4.93740461e-01  1.16993584e-01 -6.60409458e-02 -1.97211505e-01
  4.18945568e-01 -6.86496408e-01 -1.44043608e-01 -8.31914730e-01
 -8.92094333e-01  7.65008843e-02 -4.93001334e-02  9.26401285e-02
 -3.21548822e-01 -8.18303760e-01  7.11650792e-01 -2.68647418e-01
  3.60964722e-01  9.73863661e-01 -2.71098223e-01 -2.16222643e-01
 -2.28374040e-02 -4.82833637e-01 -1.73469387e-01 -5.61589253e-01
  4.45809432e-01  1.40035844e+00  2.05760239e-01  1.41463245e-01
 -1.71580973e-01 -2.11061065e-01  6.07993406e-01 -3.82985641e-01
 -1.09291625e-02  3.48870076e-01  3.59552966e-01 -2.40902453e-01
  9.89974220e-01  6.06589492e-01  8.34714129e-01 -8.16572237e-02
 -9.02858330e-02  2.95726250e-01 -1.14195384e-01 -1.14171058e-01
 -1.47404935e+00  6.10816986e-01 -7.40035736e-01 -7.83394989e-02
 -1.66419309e-01 -3.87360872e-01 -4.16074392e-01  1.14880006e-01
 -5.13958194e-01 -2.44400795e-02 -4.53352088e-01  6.86516025e-01
  7.28036093e-01 -1.31275764e+00  3.74056797e-01 -4.62257070e-01
  8.80645668e-01  1.27797727e-01  4.93327256e-01 -4.18225194e-01
 -3.38380615e-01  6.14442633e-01  4.98966262e-01  3.81572982e-01
  3.08148738e-01  4.88789286e-02  5.78206362e-01  6.48102392e-01
 -7.76452928e-01  2.63989916e-01  4.56925336e-01 -4.00476606e-01
  1.72705921e-01 -8.73688607e-02  4.96762630e-01  5.29939940e-01
 -8.60775061e-02  4.27509865e-01 -5.14936729e-01 -2.27052587e-01
 -6.69937964e-01  1.16441957e-01 -2.47082287e-01  1.81407952e-01
  8.21112120e-01  1.99439385e-01  1.32027883e-01  1.76079862e-01
  5.54019509e-01 -3.41293565e-01 -3.42747706e-01  2.22946931e-01
  3.16427375e-01  3.00905903e-01 -1.14728378e-01 -1.15573177e-01
 -2.21477841e-01  2.55922820e-01  1.97516416e-01  1.96661368e-01
 -4.63747896e-01  2.73393634e-01  5.67953596e-01 -5.83030682e-01
  3.83366622e-01 -3.99745375e-01 -1.90218936e-02  2.41289335e-01
  1.49723953e-02 -5.53717950e-01 -3.63189837e-01  6.80272006e-01
 -9.56464161e-01 -4.69420191e-01  3.62450504e-01  6.00505804e-01
 -8.81262318e-01  6.38966239e-01  3.83817516e-01  1.45611154e-01
  3.05473427e-01 -6.08686246e-01  3.83782255e-01  1.62019941e-01
  1.72228303e-01  7.16746943e-02  1.42318825e-01 -1.50058042e+00
 -3.17007902e-01  3.97437689e-01 -2.16092645e-01 -6.20387570e-01
  6.34401049e-01  1.53453449e-01  2.02304326e-01 -2.21598062e-01
 -4.54235823e-01 -3.01052762e-01  8.59736874e-01  6.02556648e-01
  8.54866298e-02 -1.91796889e-01  6.04785470e-01 -3.26979530e-01
  7.22541528e-01 -4.33833677e-01 -1.63454782e-01  9.92806626e-01
  6.54798247e-01 -2.88900410e-01  3.46935236e-01  6.48561536e-01
 -4.58023882e-01 -3.40625321e-01 -1.13199920e-01 -1.31604487e-01
  7.51030434e-03 -2.86454663e-01  1.07669673e+00 -2.27770816e-01
 -3.45727046e-01 -1.40587790e-03  7.17046832e-01  5.84982590e-01
  3.03964192e-01  2.01360378e-01 -1.42261897e-01  1.16413614e+00
 -1.47394560e+00  3.91235353e-01 -7.93219706e-02  2.49700374e-01
 -7.76788601e-01 -9.09653105e-01 -6.52012023e-01 -6.37995714e-01
 -9.58087676e-02 -5.05748756e-01  3.09661834e-02  6.80768180e-01
  1.66350754e-02 -5.91359027e-01  8.24593723e-01  4.11535952e-02
  3.36383944e-01  3.17048398e-01  6.48387106e-01 -1.66010112e-01
 -5.69946873e-01 -3.02497294e-01 -1.52979037e+00 -1.07228954e-01
  6.53393938e-03 -8.26994314e-01 -1.32138080e-01  4.65368731e-01
 -2.75289795e-01 -7.83148559e-01  2.70491646e-01  5.94415697e-01
 -3.91215082e-01 -5.26778135e-01 -7.23362416e-01  1.11956362e-01
  2.58679949e-01 -1.11918380e+00 -1.56325944e-01  4.95483705e-01
 -3.70912755e-01  5.39722186e-01 -1.22315875e-01 -3.19144719e-01
 -6.65610188e-01 -8.47975981e-01  4.15463379e-01  6.67884101e-02
  2.07309362e-01 -1.40540539e-01 -7.92883252e-01 -1.90401161e-01
 -1.89892795e-01  8.83706371e-02 -6.95739089e-01  9.01519618e-01
  2.16093198e-01 -1.63924227e-01 -1.75061528e-01  5.61825353e-01
  1.85026644e-01  8.87872305e-01 -1.10114379e+00 -6.07022187e-01
  1.35383869e-01 -6.45459489e-01 -1.83581278e-01 -1.45480726e-01
 -9.69553524e-01 -1.87796407e-01 -2.94199709e-01 -3.61589376e-01
  2.94668974e-01 -1.04279114e+00  4.71139985e-01 -1.33998866e-01
 -3.06436460e-01  3.38124633e-01 -7.46754894e-01  6.01061259e-01
 -1.29898405e-01  1.48151475e-01 -5.18034056e-02  2.63347943e-03
 -6.45887919e-01 -1.57675854e-01 -1.53134634e-01  5.21046413e-01
 -1.49795917e-01 -6.66715611e-01 -5.60935741e-01 -2.01795968e-01
  2.17828464e-02 -3.16227162e-01 -2.07211217e-01  2.77150062e-01
  8.80950093e-02 -3.17426058e-01  3.89000559e-01 -2.58344077e-02
 -9.75138891e-01 -2.71922838e-01  9.61827425e-01 -1.45898790e+00
 -5.92497102e-01  3.22860823e-01  2.51473710e-03  3.33987831e-01
 -6.68016075e-01 -5.81426888e-01  3.69149991e-02  8.79476910e-02
  4.89937367e-02  7.01257355e-01 -6.23926341e-01  8.92708059e-01
  5.69493254e-01  7.67453065e-01  3.63160195e-01 -8.13158748e-01
 -9.62253680e-01 -7.55948929e-01 -3.69287615e-01 -2.86939645e-01
  5.46119307e-01  4.67736260e-01  3.04982004e-02 -1.86212905e-01
  1.41806813e-01 -3.81850855e-01  7.76552087e-01  5.90842734e-01
  1.00941388e-01  1.57466374e-01 -4.00673621e-01 -6.73050257e-02
  6.75095263e-01 -4.74788814e-01  3.91180673e-02 -3.25720927e-01
 -1.65174012e-01  5.94455856e-01 -2.54125364e-01  3.81360235e-01
  5.04787229e-02  2.54906296e-01  7.54628820e-01 -3.27835925e-01
  6.55329483e-01 -9.40110137e-01  1.81782008e-01  1.03190310e+00
 -7.36038327e-02  7.86844094e-01  2.29532670e-01 -2.65711078e-01
  4.46568225e-01 -2.59607415e-01  4.81459802e-01  1.33751650e-01
  7.49367677e-01 -3.02916625e-01  4.90866217e-02  1.32305491e-01
 -1.88551184e-01  6.98732431e-01 -9.86031534e-02 -3.68318328e-01
  3.20683152e-03 -7.51200609e-02  2.98101886e-01 -1.50140785e-02
  1.80341324e-01 -7.31497173e-02  2.15116266e-01 -6.90862929e-01
 -2.72237966e-01 -3.23882657e-03  7.18836752e-01 -2.15760073e-01
  8.39000256e-02  1.48366889e-01  1.41971753e-01 -5.82305731e-01
  7.24027454e-02  1.60123382e-01  3.39252638e-01  2.16267492e-01
 -1.42962006e-01 -9.83656163e-02 -1.14931324e+00  6.60654686e-01
 -2.51039494e-01 -5.52713828e-01  4.15252615e-01  5.65015122e-01
 -5.16141006e-02  1.76581114e-01  3.22515793e-01 -3.23275160e-01
  2.55138969e-01  7.56238552e-01  3.72189325e-01 -3.29247770e-01
 -4.22310636e-01 -1.62186023e-01 -3.25489952e-02 -1.26907774e+00
  1.16074512e+00 -1.14136944e-01  1.81339382e-01  8.45932338e-02
 -4.10539218e-01  1.61483989e-01  1.92028475e-01 -4.64060313e-01
  1.15296638e+00 -4.85520678e-01 -3.00039662e-01  2.27423287e-01
 -1.06788649e+00 -5.51945473e-01 -3.55972589e-01  2.20268070e-01
  1.10740431e+00  6.73898214e-03  9.67728986e-02 -1.28341553e-01
  3.78721768e-01  7.44675856e-01  4.98925899e-01  1.20368563e+00
  8.95685141e-01  9.09583941e-01 -9.95534083e-01 -1.30622172e-01
  2.34840432e-02  6.05523797e-02 -4.66422176e-01 -9.26377151e-02
  4.48049899e-01  7.37964421e-01 -5.50208708e-01  6.77867763e-02
 -4.63786747e-01  8.43619891e-01  5.34918150e-01 -3.19786342e-01
  1.13349980e+00  5.97632447e-01 -4.11454651e-01 -5.89149624e-01
 -2.52516896e-01  1.14577372e-01 -6.61073670e-01]
Real data 3: [ 4.06500553e+00 -1.46740872e+00  9.87820047e-01 -1.21755284e+00
 -1.54208774e+00 -1.98882167e-03 -7.33970247e-01 -2.88173462e-01
  7.06483068e-02  7.78607751e-01 -6.38408834e-01  4.86683626e-01
  3.80188309e-02 -1.14499261e-01  1.14978808e-01 -5.21912787e-01
 -2.84865669e-01  5.47905318e-01  2.77609586e-01  3.61816555e-01
  6.88689410e-02 -8.09777794e-01  1.59878924e-01  6.58083665e-01
 -5.23454342e-01 -8.25549460e-01  7.91301657e-02  7.18574167e-02
  3.47818180e-01  1.75003562e-01 -6.20823088e-01  1.36243861e-01
  5.10896902e-02 -6.62469434e-02  3.41558508e-01  1.57621930e-01
  1.06506166e+00 -1.13714747e-01 -7.59060328e-01  3.75434480e-01
  4.00413578e-01  3.74839626e-02 -2.80678803e-01  8.88445509e-01
 -7.86995580e-02  2.91071080e-01 -2.74513391e-02  9.14292521e-01
  5.81002313e-01  5.39923656e-01  1.02039158e-01  9.27368603e-01
 -4.23890434e-01  2.26810253e-01 -3.24665025e-01  1.05437773e-01
  2.21652649e-01  3.24923311e-01 -6.11561380e-01 -1.86587668e-01
  7.10235006e-01  3.72140415e-01 -1.16642419e+00 -2.96512066e-01
 -2.97601472e-01  8.53690533e-01  2.35872517e-01 -3.30026547e-01
 -3.07052553e-01 -2.46391336e-01  3.44413449e-01  1.03926561e+00
  1.09125685e+00  7.74193595e-01 -2.54832141e-01 -1.64570026e-01
 -2.34987312e-01  4.01859021e-01 -6.69979900e-01 -4.53793447e-01
 -1.72109300e+00 -7.20580461e-01 -4.33385245e-01  1.43052126e+00
 -1.02984265e+00  3.07288771e-01  5.97073076e-01 -4.01615203e-01
 -8.97812121e-02  3.90706799e-01 -3.32586929e-01  7.45783848e-01
 -1.00638475e-01 -6.42033149e-01 -2.44800925e-01  5.37774504e-01
 -3.15658998e-01  1.45648204e+00  1.99662134e-01  8.71231118e-01
  2.09977531e-01 -3.74658488e-01 -6.64507050e-02 -2.50900645e-01
  3.16019642e-01  2.50374882e-01 -5.03630343e-01  8.10488626e-01
 -5.75909905e-01 -3.72112128e-01 -1.74986486e-01  6.90407389e-01
  2.41910048e-01 -4.38920932e-02  1.65755464e+00  2.72341015e-03
 -9.20650517e-01 -7.23977312e-02 -1.85414542e-01  1.45422635e-01
  1.38954967e-01  7.63265027e-01  3.59758702e-01  2.15238930e-01
 -4.14501391e-01  4.04649338e-02 -1.36874053e-01 -4.64808785e-02
  3.22344102e-01  1.22607568e+00 -3.14553361e-01 -1.56515618e+00
 -3.92475025e-01 -5.74524941e-01  4.36503793e-01  1.39940958e-01
  6.47243817e-01 -1.19657294e+00 -2.98527286e-01 -2.08525289e-01
 -6.84117650e-02 -7.28184498e-01  3.35187120e-01 -9.32421102e-01
  3.03873482e-01 -9.76441802e-01 -6.38084946e-01 -8.98003216e-01
 -1.91688999e-02 -2.44617144e-01  4.55185938e-01  2.30540562e-01
  3.12437983e-01 -2.77264633e-01 -1.24618061e+00 -9.60730280e-01
 -7.20124874e-01  1.61514950e-01  1.45922585e+00  9.99222194e-02
  6.33673500e-01 -5.80182123e-01 -1.10785702e-01  1.07500840e-01
  7.77113372e-02 -5.77300043e-01 -7.44602559e-01 -2.78304179e-01
  8.29349310e-02 -2.11730706e-01  4.90359916e-01 -5.62578890e-01
 -2.10628889e-01  7.29269143e-01 -1.01155355e+00  4.18834350e-01
  4.90483424e-01  1.76807357e-01  8.50966058e-01 -7.56010882e-01
 -1.21993541e-01  7.07470628e-01 -6.39448048e-01 -1.27438367e+00
  1.12030269e-01  6.75423606e-01 -6.54346414e-01  6.55618414e-01
 -4.64540948e-01  1.79164042e-01  6.05863653e-01  6.59182966e-01
 -3.43287908e-02  5.36683310e-02 -6.61430978e-01  2.07272861e-01
 -1.51438700e+00 -1.00405341e-01  7.29652763e-01  6.33241482e-01
  4.13371385e-01  4.18910488e-01  2.27895174e-02 -4.56868226e-01
  1.43135015e-01 -1.52656257e-01 -1.14926387e-01 -7.81552189e-01
  1.05129296e+00 -3.86044384e-01 -1.39129896e+00 -6.31923231e-01
 -2.19790262e-01 -6.71417446e-01  7.72971458e-02 -1.69218084e-01
  7.29920513e-01 -2.25837992e-01 -3.82864198e-01 -1.06366268e+00
  3.70474579e-01  1.16946668e+00  4.94249899e-01 -1.04993288e+00
 -9.97842404e-01 -9.11866323e-01 -6.84073917e-01 -3.31301637e-01
 -2.75315681e-01  4.93364159e-01  2.37896938e-01 -5.67504020e-01
  6.12604750e-01 -1.29089800e+00  6.74617209e-01  3.07158185e-01
 -2.91017583e-01 -2.94841439e-01  2.71935599e-01 -3.90774059e-01
  1.57837999e-02  3.72554576e-01  4.42774178e-01 -5.34081921e-02
 -5.20472926e-01  5.80661711e-01 -1.03953946e+00 -4.12144273e-01
  3.69719889e-01 -6.00651812e-01  6.70138779e-01 -7.83949728e-01
  8.23331354e-01 -9.37220623e-01  1.26611636e+00 -7.10749926e-01
 -4.27189671e-01 -1.22643084e+00 -7.51016735e-02  6.73304920e-01
  1.83441773e-01  2.91877329e-01  1.11991204e-01 -2.60385108e-01
  3.87011972e-01  6.30754318e-02 -2.71189809e-01 -3.30254680e-02
 -6.30400229e-01 -5.72431132e-01 -6.65410405e-01 -7.36790363e-01
  2.39594735e-01 -2.30365209e-01 -9.00252239e-01 -2.14335477e-01
 -5.67079697e-01  2.36840984e-02  1.02814341e+00  4.97824817e-01
  6.15351694e-01 -5.79640966e-01  4.01119220e-01 -1.03859757e-01
  4.63639165e-01 -6.78643652e-01  3.59511765e-01 -9.55936722e-01
  4.96948937e-01  1.05490294e-01 -1.32506573e+00  1.79253278e-01
 -9.87989642e-01  1.69784844e-01 -1.58325086e-02  1.82103249e-01
  9.14187599e-03  7.67550700e-01  1.18444746e-02 -1.24668968e-01
  3.65023215e-01 -9.74349687e-01 -8.85020712e-01 -3.96024628e-01
 -9.04963627e-02  6.77274205e-01 -8.73561629e-01 -4.95257373e-01
 -8.31712618e-01 -6.27842835e-01 -2.17640193e-01  4.89541013e-01
  1.33346294e-01  2.26145149e-01 -3.32353493e-01]
Real data 4: [-0.27868727 -0.18218011 -0.09084725 -0.78001777  0.70067233  0.42053673
  0.37572788  0.0551477  -1.09101261 -0.22135348  0.46264572 -0.12371143
  0.11578381 -0.21475918 -0.06124315 -0.42265715  0.11268932  0.64295758
  0.50061683  0.          0.46096543  0.27756055 -0.1493188  -0.62066237
  0.          0.14388817  0.03106111 -0.69227084  0.84953702  0.26090926
 -0.07367916  0.         -0.01351144  0.63327976  0.53903325 -0.16684126
  0.12329232  0.1991544   0.39535715 -0.45162291 -0.43305798 -0.48007165
  0.04167989  0.          0.23582605 -0.18804155 -0.01690283 -0.61446953
  0.22406681  0.10700109  0.20577617 -0.17474769 -0.31826457 -0.14235263
 -0.39647936  0.13977622  0.18269808  0.23158722  0.          0.02440832
  0.38684313 -0.10240369  0.50434961 -0.3408624  -0.62425365  0.
  0.16223363  0.         -0.41845908 -0.31994859  0.         -0.34821205
  0.          1.01277702 -0.07498864  0.12721603 -0.05931623  0.3515443
  0.49091205  0.         -0.3602963   0.         -0.17371011 -0.60006313
  0.          0.25423287 -0.05565825 -0.63297527  1.45728771 -0.03164862
  1.39356248  0.3383627   0.73880704 -0.36116495 -0.55449377 -0.07341503
  0.72448184 -0.19377452 -0.22958615  1.07859127  0.03289788  0.1498145
  0.10543341  0.25515592  0.03096685  0.15051704  0.10191247  0.39291435
  0.60094923  0.06169269  0.09516686  0.06940274  0.49170372  0.10485528
  0.02160687  0.          0.06291616  0.65098569 -0.32538774  0.86836775
  0.99163599  0.16296562  0.12612889  0.         -0.48337819  0.
  0.          0.07134779 -0.01406692  0.53571664  0.44859338  0.39946257
  0.          0.41025022  0.          0.         -0.31782331  0.
 -0.09939727  0.09973076  0.13337038  0.         -0.04907475  0.
  0.          0.         -0.15293949 -0.46400884 -0.152271   -0.47336966
  0.          0.16173195 -0.71109005 -0.08176621 -0.75426938  0.06901218
 -0.55051637 -0.22523272  0.          0.01476066 -0.17698175 -0.15368608
 -0.10940122  0.17844519 -0.66404215  0.33821573  0.08571064 -0.09947582
  0.48178869  0.00794522  0.22195264 -0.07354216 -0.15003834  0.40360135
  0.46161085  0.04582765  0.          0.27753365 -0.14556302 -0.05592153
 -0.13521138 -0.02755409  0.08691363  0.34049501 -0.02798878 -0.08954005
 -0.26885627 -0.3628974  -0.13968831 -0.46821516 -0.63738546 -0.50124072
 -0.07061911  0.11215619 -0.02944053  0.03014345 -0.20794818 -0.16526239
  0.1813432   0.16357363 -0.43512975 -0.17106158  0.00551175 -0.13025355
 -0.85762252 -0.46986397  0.16535179  0.22657714  0.          0.50028277
  0.         -1.22142542 -0.00639795  0.27417436  0.08194503 -0.19125808
  0.28060527  0.71345459 -0.6978432  -0.44160022  0.05169557  0.71235117
 -0.17580645  0.61599196 -0.93862124 -0.33333894 -1.06583092  0.22964625
 -0.93877378  0.         -0.02440496 -0.62972477  0.10280829  0.2627228
  0.65434316 -0.18269625  0.91861931  0.053969    0.25293833  0.15883914
 -0.20912197 -0.57983212  0.01317329  0.00749215  0.02493724 -0.08025352
  0.          0.81522532  0.18402571 -0.29438712 -0.53681204  0.2849056
 -0.41271245  0.2794266  -0.50250978  0.10967445  0.          0.56749958
 -0.35895774 -0.30658571  0.09617047  0.11481359 -0.31003939 -0.13096476
  0.08201701  0.64791833  0.2346585   0.38624848  0.04385537 -0.61614478
 -0.42542217  0.03552433 -0.6171453  -0.33631494  0.26972278  1.006348
  0.         -0.02512482  0.         -0.09444884  0.74955515 -0.38521197
 -0.42918253  0.48181826  0.7067148  -0.22690719 -0.25600249 -0.44401757
  0.34410856 -0.04019888  1.120068    0.         -0.27459538  0.
  0.5909735  -0.05023206 -0.37356342 -0.48062821 -0.69036657 -0.47849993
  0.35423561 -0.26414484 -1.16051297  0.02415471 -0.55245489  0.00792901
 -0.32600866  0.16763659  0.61710298  0.29642086  0.50764715 -0.42333439
  0.07742629  0.37141839  0.59005628 -0.33198325  0.67105835  0.30913808
 -0.66647853  0.1133249   0.11118994  0.56460557  0.04757733  0.
  0.81709814  0.45139566  0.0512129   0.         -0.25609213  0.
  1.12105384  0.37632199 -0.10040311  0.11346037 -0.13074582 -0.56417734
 -0.69688729 -0.56879493  0.          0.          0.07262685  0.05279268
 -0.0958366   0.37804939 -0.038849    0.52552355  0.         -0.3996928
  0.          0.32985763  0.          0.         -0.48830337  0.51528212
  0.2386855  -0.13173316 -0.31775933  0.         -0.05988185 -0.73812357
 -0.37872759 -0.0626653   0.          0.         -0.03648176  0.40040199
 -0.04172502  0.60060212  0.37382275 -0.22369824  0.         -0.41728813
  0.45491245 -0.17735781  0.05600151 -0.24227736  0.24985387 -0.35914362
  0.09643306 -0.35540992 -0.31031244 -0.59058865  0.01574751  0.20026993
  0.64448437  0.21166576 -0.08673201  0.12568201  0.29846934  0.57442876
  0.46254653  0.10150809 -1.00763431  0.34647624  0.07490419 -0.23652781
  0.92004361 -0.11580674  0.         -0.62171894 -0.07522169  0.17226543
  0.44693092  0.04552035 -0.13689048  0.10281459  0.10152546  0.2384758
  0.          0.46639352  0.10887368 -0.2659733   0.00817948 -0.17870396
  0.1711546   0.46146289  0.25603979 -0.65240498  0.23416662 -0.46892009
 -0.47609737 -0.96469573  0.2493241  -0.18089546  0.09384948 -0.89014998
 -0.0860643  -0.44113232 -0.11255491 -0.14415876 -0.26620057  0.75952421
 -0.18101633  0.22530494  0.17964192  0.18870816 -0.44318577  0.12000913
 -0.09487723 -0.19577901  0.4090671   0.0066824   0.55851613  0.37922666
  0.65891009  0.05269046  0.24899767  0.08097987 -0.20303885 -0.44450018
  0.01055837 -0.98785249 -0.62625445 -0.38042025  0.54322176 -0.40025216
 -0.36932344  0.20308902 -0.04470855 -0.00780237 -0.41639327  0.35381719
  0.15184958  0.13661997  0.16428929  0.13502952  0.76555947  0.
  0.3212867  -0.93964698  0.03861871  0.68534535  0.19469757 -0.04935033
 -0.1102236  -0.12843514  0.86209109  0.          0.32156261  0.48462482
  0.18338555  0.01001886]
